1.2	3.2	0.43	
3.141592653589793116
1.1999999999999999556	3.2000000000000001776	0.42999999999999999334	
3.141592653589793116
1.1999999999999999556	3.2000000000000001776	0.42999999999999999334	
3.141592653589793116
1.1999999999999999556	3.2000000000000001776	0.42999999999999999334	
3.141592653589793116
1.1999999999999999556	3.2000000000000001776	0.42999999999999999334	
3.141592653589793116
1.1999999999999999556	3.2000000000000001776	0.42999999999999999334	
3.141592653589793116
1.1999999999999999556	3.2000000000000001776	0.42999999999999999334	
3.141592653589793116
1.1999999999999999556	3.2000000000000001776	0.42999999999999999334	
3.141592653589793116
1.1999999999999999556	3.2000000000000001776	0.42999999999999999334	
3.141592653589793116
1.1999999999999999556	3.2000000000000001776	0.42999999999999999334	
3.141592653589793116
